\x1b[38;2;0;0;0;48;2;0;0;0m⠀\x1b[38;2;0;0;0;48;2;0;0;0m⠀\x1b[38;2;0;0;0;48;2;0;0;0m⠀\x1b[38;2;0;0;0;48;2;0;0;0m⠀\x1b[38;2;0;0;0;48;2;0;0;0m⠀\x1b[38;2;0;0;0;48;2;0;0;0m⣠\x1b[38;2;0;0;0;48;2;0;0;0m⣶\x1b[38;2;197;197;191;48;2;197;197;191m⣿\x1b[38;2;233;229;200;48;2;233;229;200m⣿\x1b[38;2;211;205;160;48;2;211;205;160m⣿\x1b[38;2;145;139;115;48;2;145;139;115m⣷\x1b[38;2;0;0;0;48;2;0;0;0m⡀\x1b[38;2;0;0;0;48;2;0;0;0m⠀\x1b[38;2;0;0;0;48;2;0;0;0m⠀\x1b[38;2;0;0;0;48;2;0;0;0m⠀\x1b[0m
\x1b[38;2;0;0;0;48;2;0;0;0m⠀\x1b[38;2;0;0;0;48;2;0;0;0m⠀\x1b[38;2;0;0;0;48;2;0;0;0m⠀\x1b[38;2;0;0;0;48;2;0;0;0m⠀\x1b[38;2;0;0;0;48;2;0;0;0m⣾\x1b[38;2;239;235;195;48;2;239;235;195m⣿\x1b[38;2;216;217;215;48;2;216;217;215m⣿\x1b[38;2;223;222;204;48;2;223;222;204m⣿\x1b[38;2;249;249;238;48;2;249;249;238m⣿\x1b[38;2;242;242;209;48;2;242;242;209m⣿\x1b[38;2;208;198;147;48;2;208;198;147m⡟\x1b[38;2;146;133;98;48;2;146;133;98m⠀\x1b[38;2;90;82;67;48;2;90;82;67m⠀\x1b[38;2;0;0;0;48;2;0;0;0m⠀\x1b[38;2;0;0;0;48;2;0;0;0m⠀\x1b[0m
\x1b[38;2;0;0;0;48;2;0;0;0m⠀\x1b[38;2;0;0;0;48;2;0;0;0m⠀\x1b[38;2;0;0;0;48;2;0;0;0m⠀\x1b[38;2;0;0;0;48;2;0;0;0m⠀\x1b[38;2;221;221;180;48;2;221;221;180m⣿\x1b[38;2;235;232;193;48;2;235;232;193m⣿\x1b[38;2;231;226;181;48;2;231;226;181m⣻\x1b[38;2;173;164;130;48;2;173;164;130m⣿\x1b[38;2;149;143;137;48;2;149;143;137m⣿\x1b[38;2;176;171;152;48;2;176;171;152m⡿\x1b[38;2;181;170;125;48;2;181;170;125m⠃\x1b[38;2;107;96;71;48;2;107;96;71m⢀\x1b[38;2;132;121;95;48;2;132;121;95m⡀\x1b[38;2;0;0;0;48;2;0;0;0m⠀\x1b[38;2;0;0;0;48;2;0;0;0m⠀\x1b[0m
\x1b[38;2;0;0;0;48;2;0;0;0m⠀\x1b[38;2;0;0;0;48;2;0;0;0m⠀\x1b[38;2;0;0;0;48;2;0;0;0m⠀\x1b[38;2;0;0;0;48;2;0;0;0m⠀\x1b[38;2;0;0;0;48;2;0;0;0m⠀\x1b[38;2;145;145;145;48;2;145;145;145m⢿\x1b[38;2;241;240;237;48;2;241;240;237m⣿\x1b[38;2;243;242;237;48;2;243;242;237m⣿\x1b[38;2;198;189;181;48;2;198;189;181m⣿\x1b[38;2;178;169;164;48;2;178;169;164m⣧\x1b[38;2;132;120;91;48;2;132;120;91m⣾\x1b[38;2;137;126;99;48;2;137;126;99m⣸\x1b[38;2;157;146;116;48;2;157;146;116m⣷\x1b[38;2;0;0;0;48;2;0;0;0m⠀\x1b[38;2;0;0;0;48;2;0;0;0m⠀\x1b[0m
\x1b[38;2;0;0;0;48;2;0;0;0m⠀\x1b[38;2;0;0;0;48;2;0;0;0m⠀\x1b[38;2;0;0;0;48;2;0;0;0m⠀\x1b[38;2;0;0;0;48;2;0;0;0m⠀\x1b[38;2;0;0;0;48;2;0;0;0m⠀\x1b[38;2;0;0;0;48;2;0;0;0m⠀\x1b[38;2;134;134;134;48;2;134;134;134m⠙\x1b[38;2;255;255;254;48;2;255;255;254m⢿\x1b[38;2;180;172;166;48;2;180;172;166m⣿\x1b[38;2;203;194;183;48;2;203;194;183m⣿\x1b[38;2;216;210;164;48;2;216;210;164m⣿\x1b[38;2;146;134;107;48;2;146;134;107m⣧\x1b[38;2;158;147;115;48;2;158;147;115m⣿\x1b[38;2;121;115;94;48;2;121;115;94m⣦\x1b[38;2;0;0;0;48;2;0;0;0m⣤\x1b[0m
\x1b[38;2;0;0;0;48;2;0;0;0m⠀\x1b[38;2;0;0;0;48;2;0;0;0m⠀\x1b[38;2;0;0;0;48;2;0;0;0m⠀\x1b[38;2;0;0;0;48;2;0;0;0m⠀\x1b[38;2;0;0;0;48;2;0;0;0m⠀\x1b[38;2;0;0;0;48;2;0;0;0m⠀\x1b[38;2;0;0;0;48;2;0;0;0m⠀\x1b[38;2;27;27;27;48;2;27;27;27m⠘\x1b[38;2;219;221;217;48;2;219;221;217m⠟\x1b[38;2;117;112;165;48;2;117;112;165m⠁\x1b[38;2;70;59;148;48;2;70;59;148m⠀\x1b[38;2;56;48;72;48;2;56;48;72m⠈\x1b[38;2;212;202;154;48;2;212;202;154m⠻\x1b[38;2;189;179;138;48;2;189;179;138m⣿\x1b[38;2;194;186;152;48;2;194;186;152m⠟\x1b[0m
\x1b[38;2;0;0;0;48;2;0;0;0m⠀\x1b[38;2;0;0;0;48;2;0;0;0m⠀\x1b[38;2;0;0;0;48;2;0;0;0m⠀\x1b[38;2;0;0;0;48;2;0;0;0m⠀\x1b[38;2;0;0;0;48;2;0;0;0m⠀\x1b[38;2;0;0;0;48;2;0;0;0m⡀\x1b[38;2;72;72;72;48;2;72;72;72m⠀\x1b[38;2;68;59;88;48;2;68;59;88m⠀\x1b[38;2;71;61;150;48;2;71;61;150m⠀\x1b[38;2;70;59;150;48;2;70;59;150m⠀\x1b[38;2;68;57;139;48;2;68;57;139m⡀\x1b[38;2;21;16;33;48;2;21;16;33m⠀\x1b[38;2;35;24;71;48;2;35;24;71m⠀\x1b[38;2;158;158;131;48;2;158;158;131m⠁\x1b[38;2;0;0;0;48;2;0;0;0m⠀\x1b[0m
\x1b[38;2;0;0;0;48;2;0;0;0m⠀\x1b[38;2;0;0;0;48;2;0;0;0m⠀\x1b[38;2;0;0;0;48;2;0;0;0m⠀\x1b[38;2;0;0;0;48;2;0;0;0m⠀\x1b[38;2;0;0;0;48;2;0;0;0m⠀\x1b[38;2;40;40;26;48;2;40;40;26m⣤\x1b[38;2;74;63;143;48;2;74;63;143m⣤\x1b[38;2;66;54;144;48;2;66;54;144m⣀\x1b[38;2;35;22;86;48;2;35;22;86m⡀\x1b[38;2;209;209;211;48;2;209;209;211m⣿\x1b[38;2;232;234;233;48;2;232;234;233m⣿\x1b[38;2;134;131;131;48;2;134;131;131m⣷\x1b[38;2;40;26;67;48;2;40;26;67m⠀\x1b[38;2;0;0;0;48;2;0;0;0m⠀\x1b[38;2;0;0;0;48;2;0;0;0m⠀\x1b[0m
\x1b[38;2;0;0;0;48;2;0;0;0m⠀\x1b[38;2;0;0;0;48;2;0;0;0m⠀\x1b[38;2;0;0;0;48;2;0;0;0m⠀\x1b[38;2;0;0;0;48;2;0;0;0m⠀\x1b[38;2;0;0;0;48;2;0;0;0m⢠\x1b[38;2;215;215;213;48;2;215;215;213m⣿\x1b[38;2;252;253;252;48;2;252;253;252m⣿\x1b[38;2;247;247;243;48;2;247;247;243m⣿\x1b[38;2;194;193;192;48;2;194;193;192m⣿\x1b[38;2;219;216;214;48;2;219;216;214m⣿\x1b[38;2;233;229;224;48;2;233;229;224m⣿\x1b[38;2;198;186;180;48;2;198;186;180m⣏\x1b[38;2;0;0;0;48;2;0;0;0m⡀\x1b[38;2;0;0;0;48;2;0;0;0m⠀\x1b[38;2;0;0;0;48;2;0;0;0m⠀\x1b[0m
\x1b[38;2;0;0;0;48;2;0;0;0m⠀\x1b[38;2;0;0;0;48;2;0;0;0m⠀\x1b[38;2;0;0;0;48;2;0;0;0m⠀\x1b[38;2;0;0;0;48;2;0;0;0m⠀\x1b[38;2;0;0;0;48;2;0;0;0m⠀\x1b[38;2;98;87;154;48;2;98;87;154m⠀\x1b[38;2;130;122;169;48;2;130;122;169m⠉\x1b[38;2;156;151;175;48;2;156;151;175m⠉\x1b[38;2;136;133;141;48;2;136;133;141m⠁\x1b[38;2;199;196;193;48;2;199;196;193m⣿\x1b[38;2;231;226;220;48;2;231;226;220m⣿\x1b[38;2;189;178;174;48;2;189;178;174m⣿\x1b[38;2;158;157;157;48;2;158;157;157m⠇\x1b[38;2;0;0;0;48;2;0;0;0m⠀\x1b[38;2;0;0;0;48;2;0;0;0m⠀\x1b[0m
\x1b[38;2;0;0;0;48;2;0;0;0m⠀\x1b[38;2;0;0;0;48;2;0;0;0m⠀\x1b[38;2;0;0;0;48;2;0;0;0m⠀\x1b[38;2;0;0;0;48;2;0;0;0m⠀\x1b[38;2;83;73;164;48;2;83;73;164m⠀\x1b[38;2;71;54;146;48;2;71;54;146m⠀\x1b[38;2;54;38;120;48;2;54;38;120m⠀\x1b[38;2;55;40;121;48;2;55;40;121m⠀\x1b[38;2;52;39;115;48;2;52;39;115m⠀\x1b[38;2;136;124;150;48;2;136;124;150m⢹\x1b[38;2;228;222;217;48;2;228;222;217m⣿\x1b[38;2;195;186;183;48;2;195;186;183m⣿\x1b[38;2;0;0;0;48;2;0;0;0m⡀\x1b[38;2;0;0;0;48;2;0;0;0m⠀\x1b[38;2;0;0;0;48;2;0;0;0m⠀\x1b[0m
\x1b[38;2;0;0;0;48;2;0;0;0m⠀\x1b[38;2;0;0;0;48;2;0;0;0m⠀\x1b[38;2;0;0;0;48;2;0;0;0m⠀\x1b[38;2;90;77;164;48;2;90;77;164m⠀\x1b[38;2;51;34;112;48;2;51;34;112m⠀\x1b[38;2;78;69;159;48;2;78;69;159m⠀\x1b[38;2;55;38;123;48;2;55;38;123m⠀\x1b[38;2;69;55;146;48;2;69;55;146m⠀\x1b[38;2;64;51;132;48;2;64;51;132m⠀\x1b[38;2;50;34;91;48;2;50;34;91m⢸\x1b[38;2;236;232;225;48;2;236;232;225m⣿\x1b[38;2;210;198;194;48;2;210;198;194m⣿\x1b[38;2;169;169;169;48;2;169;169;169m⣷\x1b[38;2;0;0;0;48;2;0;0;0m⠀\x1b[38;2;0;0;0;48;2;0;0;0m⠀\x1b[0m
\x1b[38;2;0;0;0;48;2;0;0;0m⠀\x1b[38;2;0;0;0;48;2;0;0;0m⠀\x1b[38;2;89;79;152;48;2;89;79;152m⠀\x1b[38;2;77;68;157;48;2;77;68;157m⠀\x1b[38;2;55;38;120;48;2;55;38;120m⠀\x1b[38;2;84;75;163;48;2;84;75;163m⠀\x1b[38;2;50;34;114;48;2;50;34;114m⠀\x1b[38;2;69;58;151;48;2;69;58;151m⠀\x1b[38;2;64;51;141;48;2;64;51;141m⠀\x1b[38;2;33;19;73;48;2;33;19;73m⠀\x1b[38;2;235;232;224;48;2;235;232;224m⣿\x1b[38;2;220;209;206;48;2;220;209;206m⣿\x1b[38;2;147;144;143;48;2;147;144;143m⣿\x1b[38;2;156;156;152;48;2;156;156;152m⡇\x1b[38;2;0;0;0;48;2;0;0;0m⠀\x1b[0m
\x1b[38;2;0;0;0;48;2;0;0;0m⠀\x1b[38;2;80;67;120;48;2;80;67;120m⠀\x1b[38;2;96;84;171;48;2;96;84;171m⠀\x1b[38;2;70;60;150;48;2;70;60;150m⠀\x1b[38;2;79;66;156;48;2;79;66;156m⠀\x1b[38;2;93;78;165;48;2;93;78;165m⠀\x1b[38;2;64;51;143;48;2;64;51;143m⠀\x1b[38;2;74;63;153;48;2;74;63;153m⠀\x1b[38;2;69;56;148;48;2;69;56;148m⠀\x1b[38;2;41;26;94;48;2;41;26;94m⠀\x1b[38;2;133;123;146;48;2;133;123;146m⢹\x1b[38;2;225;217;211;48;2;225;217;211m⣿\x1b[38;2;147;144;141;48;2;147;144;141m⣏\x1b[38;2;166;166;166;48;2;166;166;166m⢁\x1b[38;2;0;0;0;48;2;0;0;0m⠀\x1b[0m
\x1b[38;2;0;0;0;48;2;0;0;0m⠀\x1b[38;2;91;79;159;48;2;91;79;159m⠀\x1b[38;2;89;79;165;48;2;89;79;165m⠀\x1b[38;2;73;65;156;48;2;73;65;156m⠀\x1b[38;2;90;79;165;48;2;90;79;165m⠀\x1b[38;2;96;82;168;48;2;96;82;168m⠀\x1b[38;2;73;65;154;48;2;73;65;154m⠀\x1b[38;2;72;62;152;48;2;72;62;152m⠀\x1b[38;2;76;67;154;48;2;76;67;154m⠀\x1b[38;2;68;53;143;48;2;68;53;143m⠀\x1b[38;2;39;22;83;48;2;39;22;83m⠀\x1b[38;2;201;192;187;48;2;201;192;187m⢻\x1b[38;2;211;198;193;48;2;211;198;193m⣿\x1b[38;2;154;148;143;48;2;154;148;143m⡿\x1b[38;2;170;165;160;48;2;170;165;160m⠛\x1b[0m
\x1b[38;2;56;56;85;48;2;56;56;85m⠀\x1b[38;2;92;80;169;48;2;92;80;169m⠀\x1b[38;2;87;76;163;48;2;87;76;163m⠀\x1b[38;2;78;70;158;48;2;78;70;158m⠀\x1b[38;2;89;77;163;48;2;89;77;163m⠀\x1b[38;2;95;82;166;48;2;95;82;166m⠀\x1b[38;2;77;68;158;48;2;77;68;158m⠀\x1b[38;2;71;60;150;48;2;71;60;150m⠀\x1b[38;2;79;67;155;48;2;79;67;155m⠀\x1b[38;2;74;62;152;48;2;74;62;152m⠀\x1b[38;2;50;33;106;48;2;50;33;106m⠀\x1b[38;2;38;23;86;48;2;38;23;86m⠀\x1b[38;2;165;162;158;48;2;165;162;158m⠁\x1b[38;2;0;0;0;48;2;0;0;0m⠀\x1b[38;2;0;0;0;48;2;0;0;0m⠀\x1b[0m
\x1b[38;2;79;69;146;48;2;79;69;146m⠀\x1b[38;2;89;76;165;48;2;89;76;165m⠀\x1b[38;2;87;76;163;48;2;87;76;163m⠀\x1b[38;2;86;75;163;48;2;86;75;163m⠀\x1b[38;2;83;73;162;48;2;83;73;162m⠀\x1b[38;2;88;77;164;48;2;88;77;164m⠀\x1b[38;2;82;73;161;48;2;82;73;161m⠀\x1b[38;2;74;65;155;48;2;74;65;155m⠀\x1b[38;2;77;66;154;48;2;77;66;154m⠀\x1b[38;2;76;66;155;48;2;76;66;155m⠀\x1b[38;2;63;50;138;48;2;63;50;138m⠀\x1b[38;2;39;25;86;48;2;39;25;86m⠀\x1b[38;2;49;36;91;48;2;49;36;91m⠀\x1b[38;2;0;0;0;48;2;0;0;0m⠀\x1b[38;2;0;0;0;48;2;0;0;0m⠀\x1b[0m
\x1b[38;2;77;66;137;48;2;77;66;137m⠀\x1b[38;2;100;89;150;48;2;100;89;150m⠶\x1b[38;2;90;78;151;48;2;90;78;151m⣶\x1b[38;2;83;71;155;48;2;83;71;155m⣦\x1b[38;2;79;69;160;48;2;79;69;160m⣤\x1b[38;2;79;70;159;48;2;79;70;159m⣀\x1b[38;2;78;71;159;48;2;78;71;159m⣀\x1b[38;2;76;65;154;48;2;76;65;154m⣀\x1b[38;2;73;63;153;48;2;73;63;153m⣀\x1b[38;2;70;58;150;48;2;70;58;150m⣀\x1b[38;2;67;53;148;48;2;67;53;148m⣤\x1b[38;2;40;21;92;48;2;40;21;92m⣤\x1b[38;2;42;27;90;48;2;42;27;90m⠀\x1b[38;2;54;42;72;48;2;54;42;72m⠀\x1b[38;2;0;0;0;48;2;0;0;0m⠀\x1b[0m
\x1b[38;2;0;0;0;48;2;0;0;0m⠀\x1b[38;2;0;0;0;48;2;0;0;0m⠀\x1b[38;2;79;71;71;48;2;79;71;71m⠈\x1b[38;2;146;144;140;48;2;146;144;140m⠉\x1b[38;2;183;182;182;48;2;183;182;182m⠉\x1b[38;2;151;147;146;48;2;151;147;146m⠉\x1b[38;2;194;193;187;48;2;194;193;187m⣿\x1b[38;2;191;187;179;48;2;191;187;179m⣿\x1b[38;2;153;143;134;48;2;153;143;134m⣿\x1b[38;2;161;151;145;48;2;161;151;145m⣿\x1b[38;2;136;131;131;48;2;136;131;131m⠁\x1b[38;2;0;0;0;48;2;0;0;0m⠀\x1b[38;2;0;0;0;48;2;0;0;0m⠀\x1b[38;2;0;0;0;48;2;0;0;0m⠀\x1b[38;2;0;0;0;48;2;0;0;0m⠀\x1b[0m
\x1b[38;2;0;0;0;48;2;0;0;0m⠀\x1b[38;2;0;0;0;48;2;0;0;0m⠀\x1b[38;2;0;0;0;48;2;0;0;0m⠀\x1b[38;2;0;0;0;48;2;0;0;0m⠀\x1b[38;2;0;0;0;48;2;0;0;0m⠀\x1b[38;2;0;0;0;48;2;0;0;0m⠀\x1b[38;2;111;111;95;48;2;111;111;95m⢸\x1b[38;2;243;238;234;48;2;243;238;234m⣿\x1b[38;2;232;224;220;48;2;232;224;220m⣿\x1b[38;2;214;204;199;48;2;214;204;199m⣿\x1b[38;2;152;143;139;48;2;152;143;139m⡇\x1b[38;2;0;0;0;48;2;0;0;0m⠀\x1b[38;2;0;0;0;48;2;0;0;0m⠀\x1b[38;2;0;0;0;48;2;0;0;0m⠀\x1b[38;2;0;0;0;48;2;0;0;0m⠀\x1b[0m
\x1b[38;2;0;0;0;48;2;0;0;0m⠀\x1b[38;2;0;0;0;48;2;0;0;0m⠀\x1b[38;2;0;0;0;48;2;0;0;0m⠀\x1b[38;2;0;0;0;48;2;0;0;0m⠀\x1b[38;2;0;0;0;48;2;0;0;0m⠀\x1b[38;2;0;0;0;48;2;0;0;0m⠀\x1b[38;2;0;0;0;48;2;0;0;0m⠸\x1b[38;2;224;223;216;48;2;224;223;216m⣿\x1b[38;2;236;232;225;48;2;236;232;225m⣿\x1b[38;2;220;212;207;48;2;220;212;207m⣿\x1b[38;2;190;181;176;48;2;190;181;176m⣇\x1b[38;2;0;0;0;48;2;0;0;0m⠀\x1b[38;2;0;0;0;48;2;0;0;0m⠀\x1b[38;2;0;0;0;48;2;0;0;0m⠀\x1b[38;2;0;0;0;48;2;0;0;0m⠀\x1b[0m
\x1b[38;2;0;0;0;48;2;0;0;0m⠀\x1b[38;2;0;0;0;48;2;0;0;0m⠀\x1b[38;2;0;0;0;48;2;0;0;0m⠀\x1b[38;2;0;0;0;48;2;0;0;0m⠀\x1b[38;2;0;0;0;48;2;0;0;0m⠀\x1b[38;2;0;0;0;48;2;0;0;0m⠀\x1b[38;2;0;0;0;48;2;0;0;0m⠀\x1b[38;2;198;198;192;48;2;198;198;192m⣿\x1b[38;2;241;237;232;48;2;241;237;232m⣿\x1b[38;2;224;217;211;48;2;224;217;211m⣿\x1b[38;2;202;192;185;48;2;202;192;185m⣿\x1b[38;2;0;0;0;48;2;0;0;0m⠀\x1b[38;2;0;0;0;48;2;0;0;0m⠀\x1b[38;2;0;0;0;48;2;0;0;0m⠀\x1b[38;2;0;0;0;48;2;0;0;0m⠀\x1b[0m
\x1b[38;2;0;0;0;48;2;0;0;0m⠀\x1b[38;2;0;0;0;48;2;0;0;0m⠀\x1b[38;2;0;0;0;48;2;0;0;0m⠀\x1b[38;2;0;0;0;48;2;0;0;0m⠀\x1b[38;2;0;0;0;48;2;0;0;0m⠀\x1b[38;2;0;0;0;48;2;0;0;0m⠀\x1b[38;2;0;0;0;48;2;0;0;0m⠀\x1b[38;2;183;183;175;48;2;183;183;175m⣿\x1b[38;2;242;238;233;48;2;242;238;233m⣿\x1b[38;2;228;221;216;48;2;228;221;216m⣿\x1b[38;2;212;201;197;48;2;212;201;197m⣿\x1b[38;2;0;0;0;48;2;0;0;0m⠀\x1b[38;2;0;0;0;48;2;0;0;0m⠀\x1b[38;2;0;0;0;48;2;0;0;0m⠀\x1b[38;2;0;0;0;48;2;0;0;0m⠀\x1b[0m
\x1b[38;2;0;0;0;48;2;0;0;0m⠀\x1b[38;2;0;0;0;48;2;0;0;0m⠀\x1b[38;2;0;0;0;48;2;0;0;0m⠀\x1b[38;2;0;0;0;48;2;0;0;0m⠀\x1b[38;2;0;0;0;48;2;0;0;0m⠀\x1b[38;2;0;0;0;48;2;0;0;0m⠀\x1b[38;2;0;0;0;48;2;0;0;0m⠀\x1b[38;2;136;136;136;48;2;136;136;136m⢹\x1b[38;2;241;238;231;48;2;241;238;231m⣿\x1b[38;2;228;219;215;48;2;228;219;215m⣿\x1b[38;2;204;192;187;48;2;204;192;187m⡟\x1b[38;2;0;0;0;48;2;0;0;0m⠀\x1b[38;2;0;0;0;48;2;0;0;0m⠀\x1b[38;2;0;0;0;48;2;0;0;0m⠀\x1b[38;2;0;0;0;48;2;0;0;0m⠀\x1b[0m
\x1b[38;2;0;0;0;48;2;0;0;0m⠀\x1b[38;2;0;0;0;48;2;0;0;0m⠀\x1b[38;2;0;0;0;48;2;0;0;0m⠀\x1b[38;2;0;0;0;48;2;0;0;0m⠀\x1b[38;2;0;0;0;48;2;0;0;0m⠀\x1b[38;2;0;0;0;48;2;0;0;0m⠀\x1b[38;2;0;0;0;48;2;0;0;0m⠀\x1b[38;2;139;139;139;48;2;139;139;139m⣿\x1b[38;2;241;237;232;48;2;241;237;232m⣿\x1b[38;2;228;220;215;48;2;228;220;215m⣿\x1b[38;2;195;183;179;48;2;195;183;179m⡇\x1b[38;2;0;0;0;48;2;0;0;0m⠀\x1b[38;2;0;0;0;48;2;0;0;0m⠀\x1b[38;2;0;0;0;48;2;0;0;0m⠀\x1b[38;2;0;0;0;48;2;0;0;0m⠀\x1b[0m
\x1b[38;2;0;0;0;48;2;0;0;0m⠀\x1b[38;2;0;0;0;48;2;0;0;0m⠀\x1b[38;2;0;0;0;48;2;0;0;0m⠀\x1b[38;2;0;0;0;48;2;0;0;0m⠀\x1b[38;2;0;0;0;48;2;0;0;0m⢀\x1b[38;2;0;0;0;48;2;0;0;0m⡀\x1b[38;2;0;0;0;48;2;0;0;0m⣴\x1b[38;2;213;209;207;48;2;213;209;207m⣿\x1b[38;2;240;237;233;48;2;240;237;233m⣿\x1b[38;2;230;222;217;48;2;230;222;217m⣿\x1b[38;2;180;171;163;48;2;180;171;163m⡇\x1b[38;2;0;0;0;48;2;0;0;0m⠀\x1b[38;2;0;0;0;48;2;0;0;0m⠀\x1b[38;2;0;0;0;48;2;0;0;0m⠀\x1b[38;2;0;0;0;48;2;0;0;0m⠀\x1b[0m
\x1b[38;2;0;0;0;48;2;0;0;0m⠀\x1b[38;2;0;0;0;48;2;0;0;0m⠀\x1b[38;2;0;0;0;48;2;0;0;0m⠀\x1b[38;2;0;0;0;48;2;0;0;0m⠂\x1b[38;2;159;159;159;48;2;159;159;159m⣻\x1b[38;2;231;225;224;48;2;231;225;224m⠿\x1b[38;2;99;95;97;48;2;99;95;97m⠚\x1b[38;2;250;248;244;48;2;250;248;244m⠛\x1b[38;2;240;234;229;48;2;240;234;229m⠋\x1b[38;2;196;185;179;48;2;196;185;179m⠉\x1b[38;2;134;125;122;48;2;134;125;122m⠐\x1b[38;2;0;0;0;48;2;0;0;0m⠀\x1b[38;2;0;0;0;48;2;0;0;0m⠀\x1b[38;2;0;0;0;48;2;0;0;0m⠀\x1b[38;2;0;0;0;48;2;0;0;0m⠀\x1b[0m
