\x1b[38;2;0;0;0;48;2;0;0;0m⠀\x1b[38;2;0;0;0;48;2;0;0;0m⠀\x1b[38;2;0;0;0;48;2;0;0;0m⠀\x1b[38;2;0;0;0;48;2;0;0;0m⠀\x1b[38;2;0;0;0;48;2;0;0;0m⠀\x1b[38;2;0;0;0;48;2;0;0;0m⠀\x1b[38;2;0;0;0;48;2;0;0;0m⠀\x1b[38;2;0;0;0;48;2;0;0;0m⢀\x1b[38;2;2;2;2;48;2;2;2;2m⡆\x1b[38;2;54;47;47;48;2;54;47;47m⠀\x1b[38;2;0;0;0;48;2;0;0;0m⠀\x1b[38;2;0;0;0;48;2;0;0;0m⠀\x1b[38;2;0;0;0;48;2;0;0;0m⠀\x1b[38;2;0;0;0;48;2;0;0;0m⠀\x1b[38;2;0;0;0;48;2;0;0;0m⠀\x1b[38;2;0;0;0;48;2;0;0;0m⠀\x1b[38;2;0;0;0;48;2;0;0;0m⠀\x1b[38;2;0;0;0;48;2;0;0;0m⠀\x1b[0m
\x1b[38;2;0;0;0;48;2;0;0;0m⠀\x1b[38;2;0;0;0;48;2;0;0;0m⠀\x1b[38;2;0;0;0;48;2;0;0;0m⠀\x1b[38;2;0;0;0;48;2;0;0;0m⠀\x1b[38;2;0;0;0;48;2;0;0;0m⠀\x1b[38;2;0;0;0;48;2;0;0;0m⠀\x1b[38;2;0;0;0;48;2;0;0;0m⣐\x1b[38;2;230;246;246;48;2;230;246;246m⣿\x1b[38;2;178;130;130;48;2;178;130;130m⠁\x1b[38;2;48;2;2;48;2;48;2;2m⠀\x1b[38;2;26;13;13;48;2;26;13;13m⠀\x1b[38;2;12;12;15;48;2;12;12;15m⠀\x1b[38;2;0;0;0;48;2;0;0;0m⠀\x1b[38;2;0;0;0;48;2;0;0;0m⠀\x1b[38;2;0;0;0;48;2;0;0;0m⠀\x1b[38;2;0;0;0;48;2;0;0;0m⠀\x1b[38;2;0;0;0;48;2;0;0;0m⠀\x1b[38;2;0;0;0;48;2;0;0;0m⠀\x1b[0m
\x1b[38;2;0;0;0;48;2;0;0;0m⠀\x1b[38;2;0;0;0;48;2;0;0;0m⠀\x1b[38;2;0;0;0;48;2;0;0;0m⠀\x1b[38;2;0;0;0;48;2;0;0;0m⠀\x1b[38;2;0;0;0;48;2;0;0;0m⢠\x1b[38;2;0;0;0;48;2;0;0;0m⣾\x1b[38;2;243;242;242;48;2;243;242;242m⣿\x1b[38;2;254;255;255;48;2;254;255;255m⡇\x1b[38;2;10;1;1;48;2;10;1;1m⠀\x1b[38;2;21;8;8;48;2;21;8;8m⠀\x1b[38;2;40;11;12;48;2;40;11;12m⠀\x1b[38;2;42;14;13;48;2;42;14;13m⠀\x1b[38;2;40;17;17;48;2;40;17;17m⠀\x1b[38;2;0;0;0;48;2;0;0;0m⠀\x1b[38;2;0;0;0;48;2;0;0;0m⠀\x1b[38;2;0;0;0;48;2;0;0;0m⠀\x1b[38;2;0;0;0;48;2;0;0;0m⠀\x1b[38;2;0;0;0;48;2;0;0;0m⠀\x1b[0m
\x1b[38;2;0;0;0;48;2;0;0;0m⠀\x1b[38;2;0;0;0;48;2;0;0;0m⠀\x1b[38;2;0;0;0;48;2;0;0;0m⠀\x1b[38;2;0;0;0;48;2;0;0;0m⠰\x1b[38;2;209;226;226;48;2;209;226;226m⢿\x1b[38;2;192;147;147;48;2;192;147;147m⣿\x1b[38;2;207;81;81;48;2;207;81;81m⣶\x1b[38;2;121;39;39;48;2;121;39;39m⠀\x1b[38;2;108;4;4;48;2;108;4;4m⠀\x1b[38;2;96;6;6;48;2;96;6;6m⠀\x1b[38;2;75;9;9;48;2;75;9;9m⠀\x1b[38;2;31;14;14;48;2;31;14;14m⠀\x1b[38;2;73;13;13;48;2;73;13;13m⠀\x1b[38;2;78;15;14;48;2;78;15;14m⠀\x1b[38;2;27;17;12;48;2;27;17;12m⠀\x1b[38;2;0;0;0;48;2;0;0;0m⠀\x1b[38;2;0;0;0;48;2;0;0;0m⠀\x1b[38;2;0;0;0;48;2;0;0;0m⠀\x1b[0m
\x1b[38;2;0;0;0;48;2;0;0;0m⠀\x1b[38;2;0;0;0;48;2;0;0;0m⠀\x1b[38;2;0;0;0;48;2;0;0;0m⣴\x1b[38;2;181;180;180;48;2;181;180;180m⣿\x1b[38;2;212;150;150;48;2;212;150;150m⣻\x1b[38;2;209;113;113;48;2;209;113;113m⣿\x1b[38;2;255;255;255;48;2;255;255;255m⡇\x1b[38;2;7;1;1;48;2;7;1;1m⠀\x1b[38;2;20;4;4;48;2;20;4;4m⠀\x1b[38;2;31;7;8;48;2;31;7;8m⠀\x1b[38;2;127;8;8;48;2;127;8;8m⠀\x1b[38;2;32;14;14;48;2;32;14;14m⠀\x1b[38;2;35;14;13;48;2;35;14;13m⠀\x1b[38;2;134;10;10;48;2;134;10;10m⠀\x1b[38;2;47;21;20;48;2;47;21;20m⠀\x1b[38;2;60;23;23;48;2;60;23;23m⠀\x1b[38;2;0;0;0;48;2;0;0;0m⠀\x1b[38;2;0;0;0;48;2;0;0;0m⠀\x1b[0m
\x1b[38;2;0;0;0;48;2;0;0;0m⢀\x1b[38;2;0;0;0;48;2;0;0;0m⣾\x1b[38;2;250;249;250;48;2;250;249;250m⣿\x1b[38;2;252;250;249;48;2;252;250;249m⣿\x1b[38;2;254;253;253;48;2;254;253;253m⣿\x1b[38;2;255;240;240;48;2;255;240;240m⣿\x1b[38;2;100;82;82;48;2;100;82;82m⠀\x1b[38;2;13;3;3;48;2;13;3;3m⠀\x1b[38;2;20;3;3;48;2;20;3;3m⠀\x1b[38;2;26;8;8;48;2;26;8;8m⠀\x1b[38;2;34;10;10;48;2;34;10;10m⠀\x1b[38;2;43;16;15;48;2;43;16;15m⠀\x1b[38;2;39;14;13;48;2;39;14;13m⠀\x1b[38;2;45;16;16;48;2;45;16;16m⠀\x1b[38;2;54;20;19;48;2;54;20;19m⠀\x1b[38;2;65;25;25;48;2;65;25;25m⠀\x1b[38;2;66;25;25;48;2;66;25;25m⠀\x1b[38;2;39;19;19;48;2;39;19;19m⠀\x1b[0m
\x1b[38;2;106;71;71;48;2;106;71;71m⣼\x1b[38;2;232;208;208;48;2;232;208;208m⣿\x1b[38;2;236;216;215;48;2;236;216;215m⣿\x1b[38;2;243;233;233;48;2;243;233;233m⣿\x1b[38;2;248;225;226;48;2;248;225;226m⣿\x1b[38;2;251;222;222;48;2;251;222;222m⣿\x1b[38;2;91;80;80;48;2;91;80;80m⠀\x1b[38;2;0;0;0;48;2;0;0;0m⠀\x1b[38;2;2;1;1;48;2;2;1;1m⠀\x1b[38;2;4;0;0;48;2;4;0;0m⠀\x1b[38;2;15;1;1;48;2;15;1;1m⠀\x1b[38;2;136;5;5;48;2;136;5;5m⠀\x1b[38;2;34;3;3;48;2;34;3;3m⠀\x1b[38;2;99;5;6;48;2;99;5;6m⠀\x1b[38;2;14;3;4;48;2;14;3;4m⠀\x1b[38;2;23;8;9;48;2;23;8;9m⠀\x1b[38;2;26;11;12;48;2;26;11;12m⠀\x1b[38;2;37;15;14;48;2;37;15;14m⠀\x1b[0m
\x1b[38;2;222;203;203;48;2;222;203;203m⣿\x1b[38;2;250;239;238;48;2;250;239;238m⡿\x1b[38;2;234;202;202;48;2;234;202;202m⠿\x1b[38;2;246;232;232;48;2;246;232;232m⣛\x1b[38;2;207;86;86;48;2;207;86;86m⣺\x1b[38;2;251;231;231;48;2;251;231;231m⣿\x1b[38;2;90;78;79;48;2;90;78;79m⠀\x1b[38;2;0;0;0;48;2;0;0;0m⠀\x1b[38;2;0;0;0;48;2;0;0;0m⠀\x1b[38;2;20;1;1;48;2;20;1;1m⠀\x1b[38;2;124;2;1;48;2;124;2;1m⠀\x1b[38;2;105;2;2;48;2;105;2;2m⠀\x1b[38;2;79;3;3;48;2;79;3;3m⠀\x1b[38;2;74;4;4;48;2;74;4;4m⠀\x1b[38;2;89;5;5;48;2;89;5;5m⠀\x1b[38;2;45;9;10;48;2;45;9;10m⠀\x1b[38;2;30;14;14;48;2;30;14;14m⠀\x1b[38;2;38;15;14;48;2;38;15;14m⠀\x1b[0m
\x1b[38;2;206;176;176;48;2;206;176;176m⣿\x1b[38;2;194;157;156;48;2;194;157;156m⡯\x1b[38;2;211;97;97;48;2;211;97;97m⡕\x1b[38;2;216;61;61;48;2;216;61;61m⠶\x1b[38;2;212;111;111;48;2;212;111;111m⣿\x1b[38;2;252;242;241;48;2;252;242;241m⣿\x1b[38;2;87;76;76;48;2;87;76;76m⠀\x1b[38;2;0;0;0;48;2;0;0;0m⠀\x1b[38;2;0;0;0;48;2;0;0;0m⠀\x1b[38;2;41;2;2;48;2;41;2;2m⠀\x1b[38;2;152;2;2;48;2;152;2;2m⠀\x1b[38;2;127;2;2;48;2;127;2;2m⠀\x1b[38;2;103;3;3;48;2;103;3;3m⠀\x1b[38;2;87;3;3;48;2;87;3;3m⠀\x1b[38;2;85;4;5;48;2;85;4;5m⠀\x1b[38;2;76;7;8;48;2;76;7;8m⠀\x1b[38;2;28;12;12;48;2;28;12;12m⠀\x1b[38;2;40;15;14;48;2;40;15;14m⠀\x1b[0m
\x1b[38;2;184;155;155;48;2;184;155;155m⣿\x1b[38;2;197;147;148;48;2;197;147;148m⣇\x1b[38;2;185;83;83;48;2;185;83;83m⣾\x1b[38;2;217;160;160;48;2;217;160;160m⣿\x1b[38;2;199;124;123;48;2;199;124;123m⣿\x1b[38;2;251;226;226;48;2;251;226;226m⣿\x1b[38;2;76;67;67;48;2;76;67;67m⠀\x1b[38;2;0;0;0;48;2;0;0;0m⠀\x1b[38;2;0;0;0;48;2;0;0;0m⠀\x1b[38;2;19;1;1;48;2;19;1;1m⠀\x1b[38;2;64;2;2;48;2;64;2;2m⠀\x1b[38;2;17;1;1;48;2;17;1;1m⠀\x1b[38;2;26;2;2;48;2;26;2;2m⠀\x1b[38;2;38;3;2;48;2;38;3;2m⠀\x1b[38;2;46;4;4;48;2;46;4;4m⠀\x1b[38;2;94;7;8;48;2;94;7;8m⠀\x1b[38;2;29;12;12;48;2;29;12;12m⠀\x1b[38;2;47;19;19;48;2;47;19;19m⠀\x1b[0m
\x1b[38;2;205;175;175;48;2;205;175;175m⣿\x1b[38;2;211;175;175;48;2;211;175;175m⢿\x1b[38;2;209;177;176;48;2;209;177;176m⣿\x1b[38;2;239;219;219;48;2;239;219;219m⣿\x1b[38;2;199;105;104;48;2;199;105;104m⣿\x1b[38;2;224;184;184;48;2;224;184;184m⣿\x1b[38;2;84;76;77;48;2;84;76;77m⠀\x1b[38;2;0;0;0;48;2;0;0;0m⠀\x1b[38;2;91;4;4;48;2;91;4;4m⠀\x1b[38;2;75;3;3;48;2;75;3;3m⠀\x1b[38;2;80;3;3;48;2;80;3;3m⠀\x1b[38;2;28;3;2;48;2;28;3;2m⠀\x1b[38;2;16;1;2;48;2;16;1;2m⠀\x1b[38;2;13;2;3;48;2;13;2;3m⠀\x1b[38;2;39;6;6;48;2;39;6;6m⠀\x1b[38;2;123;8;8;48;2;123;8;8m⠀\x1b[38;2;35;13;13;48;2;35;13;13m⠀\x1b[38;2;43;18;18;48;2;43;18;18m⠀\x1b[0m
\x1b[38;2;206;168;168;48;2;206;168;168m⣯\x1b[38;2;185;117;117;48;2;185;117;117m⡿\x1b[38;2;176;92;93;48;2;176;92;93m⣼\x1b[38;2;182;102;102;48;2;182;102;102m⣵\x1b[38;2;218;178;178;48;2;218;178;178m⣿\x1b[38;2;196;108;108;48;2;196;108;108m⣿\x1b[38;2;79;64;64;48;2;79;64;64m⠀\x1b[38;2;90;2;2;48;2;90;2;2m⠀\x1b[38;2;48;3;4;48;2;48;3;4m⠀\x1b[38;2;29;1;1;48;2;29;1;1m⠀\x1b[38;2;37;2;2;48;2;37;2;2m⠀\x1b[38;2;83;5;5;48;2;83;5;5m⠀\x1b[38;2;57;4;4;48;2;57;4;4m⠀\x1b[38;2;95;7;6;48;2;95;7;6m⠀\x1b[38;2;96;8;8;48;2;96;8;8m⠀\x1b[38;2;8;10;11;48;2;8;10;11m⠀\x1b[38;2;67;11;11;48;2;67;11;11m⠀\x1b[38;2;111;13;12;48;2;111;13;12m⠀\x1b[0m
\x1b[38;2;170;145;145;48;2;170;145;145m⣿\x1b[38;2;195;106;106;48;2;195;106;106m⡏\x1b[38;2;200;165;165;48;2;200;165;165m⠿\x1b[38;2;241;222;221;48;2;241;222;221m⠟\x1b[38;2;194;88;87;48;2;194;88;87m⢺\x1b[38;2;212;181;181;48;2;212;181;181m⣿\x1b[38;2;80;67;67;48;2;80;67;67m⠀\x1b[38;2;0;0;0;48;2;0;0;0m⠀\x1b[38;2;0;0;0;48;2;0;0;0m⠀\x1b[38;2;102;4;4;48;2;102;4;4m⠀\x1b[38;2;48;1;1;48;2;48;1;1m⠀\x1b[38;2;3;1;1;48;2;3;1;1m⠀\x1b[38;2;14;1;2;48;2;14;1;2m⠀\x1b[38;2;16;4;5;48;2;16;4;5m⠀\x1b[38;2;18;6;7;48;2;18;6;7m⠀\x1b[38;2;124;7;7;48;2;124;7;7m⠀\x1b[38;2;39;13;13;48;2;39;13;13m⠀\x1b[38;2;39;16;16;48;2;39;16;16m⠀\x1b[0m
\x1b[38;2;181;152;150;48;2;181;152;150m⣿\x1b[38;2;175;110;110;48;2;175;110;110m⣵\x1b[38;2;173;95;95;48;2;173;95;95m⣶\x1b[38;2;165;85;85;48;2;165;85;85m⣾\x1b[38;2;191;151;151;48;2;191;151;151m⠷\x1b[38;2;195;146;145;48;2;195;146;145m⢻\x1b[38;2;77;64;64;48;2;77;64;64m⠀\x1b[38;2;0;0;0;48;2;0;0;0m⠀\x1b[38;2;36;2;2;48;2;36;2;2m⠀\x1b[38;2;58;3;3;48;2;58;3;3m⠀\x1b[38;2;0;0;0;48;2;0;0;0m⠀\x1b[38;2;19;1;2;48;2;19;1;2m⠀\x1b[38;2;55;5;5;48;2;55;5;5m⠀\x1b[38;2;67;5;5;48;2;67;5;5m⠀\x1b[38;2;42;7;7;48;2;42;7;7m⠀\x1b[38;2;72;9;9;48;2;72;9;9m⠀\x1b[38;2;48;16;16;48;2;48;16;16m⠀\x1b[38;2;40;15;15;48;2;40;15;15m⠀\x1b[0m
\x1b[38;2;164;131;130;48;2;164;131;130m⢁\x1b[38;2;164;94;94;48;2;164;94;94m⣀\x1b[38;2;203;166;167;48;2;203;166;167m⣿\x1b[38;2;193;163;162;48;2;193;163;162m⡧\x1b[38;2;181;132;133;48;2;181;132;133m⣥\x1b[38;2;171;96;96;48;2;171;96;96m⢨\x1b[38;2;69;45;45;48;2;69;45;45m⠀\x1b[38;2;87;2;2;48;2;87;2;2m⠀\x1b[38;2;28;1;1;48;2;28;1;1m⠀\x1b[38;2;43;2;2;48;2;43;2;2m⠀\x1b[38;2;56;2;2;48;2;56;2;2m⠀\x1b[38;2;0;0;1;48;2;0;0;1m⠀\x1b[38;2;11;2;2;48;2;11;2;2m⠀\x1b[38;2;16;3;5;48;2;16;3;5m⠀\x1b[38;2;34;4;5;48;2;34;4;5m⠀\x1b[38;2;27;15;15;48;2;27;15;15m⠀\x1b[38;2;73;14;14;48;2;73;14;14m⠀\x1b[38;2;94;11;11;48;2;94;11;11m⠀\x1b[0m
\x1b[38;2;153;120;120;48;2;153;120;120m⣷\x1b[38;2;194;132;132;48;2;194;132;132m⡅\x1b[38;2;172;108;108;48;2;172;108;108m⠏\x1b[38;2;166;143;143;48;2;166;143;143m⠹\x1b[38;2;185;72;72;48;2;185;72;72m⢰\x1b[38;2;179;122;121;48;2;179;122;121m⣿\x1b[38;2;69;58;58;48;2;69;58;58m⠀\x1b[38;2;0;0;0;48;2;0;0;0m⠀\x1b[38;2;51;2;2;48;2;51;2;2m⠀\x1b[38;2;106;3;3;48;2;106;3;3m⠀\x1b[38;2;72;4;4;48;2;72;4;4m⠀\x1b[38;2;0;1;1;48;2;0;1;1m⠀\x1b[38;2;69;5;5;48;2;69;5;5m⠀\x1b[38;2;61;6;6;48;2;61;6;6m⠀\x1b[38;2;31;7;7;48;2;31;7;7m⠀\x1b[38;2;133;7;6;48;2;133;7;6m⠀\x1b[38;2;120;10;10;48;2;120;10;10m⠀\x1b[38;2;33;16;16;48;2;33;16;16m⠀\x1b[0m
\x1b[38;2;148;118;118;48;2;148;118;118m⣽\x1b[38;2;183;152;152;48;2;183;152;152m⢁\x1b[38;2;163;59;59;48;2;163;59;59m⣶\x1b[38;2;168;121;121;48;2;168;121;121m⣿\x1b[38;2;181;70;70;48;2;181;70;70m⡆\x1b[38;2;174;137;137;48;2;174;137;137m⢻\x1b[38;2;68;56;56;48;2;68;56;56m⠀\x1b[38;2;0;0;0;48;2;0;0;0m⠀\x1b[38;2;2;0;0;48;2;2;0;0m⠀\x1b[38;2;90;3;4;48;2;90;3;4m⠀\x1b[38;2;81;3;3;48;2;81;3;3m⠀\x1b[38;2;30;3;3;48;2;30;3;3m⠀\x1b[38;2;4;2;2;48;2;4;2;2m⠀\x1b[38;2;8;5;5;48;2;8;5;5m⠀\x1b[38;2;88;7;7;48;2;88;7;7m⠀\x1b[38;2;99;10;11;48;2;99;10;11m⠀\x1b[38;2;32;16;16;48;2;32;16;16m⠀\x1b[38;2;45;19;19;48;2;45;19;19m⠀\x1b[0m
\x1b[38;2;156;129;129;48;2;156;129;129m⠇\x1b[38;2;162;88;88;48;2;162;88;88m⣼\x1b[38;2;164;133;131;48;2;164;133;131m⢋\x1b[38;2;170;138;137;48;2;170;138;137m⠙\x1b[38;2;174;146;145;48;2;174;146;145m⣿\x1b[38;2;176;78;78;48;2;176;78;78m⠈\x1b[38;2;53;47;47;48;2;53;47;47m⠀\x1b[38;2;0;0;0;48;2;0;0;0m⠀\x1b[38;2;90;3;2;48;2;90;3;2m⠀\x1b[38;2;4;0;0;48;2;4;0;0m⠀\x1b[38;2;9;2;2;48;2;9;2;2m⠀\x1b[38;2;8;2;3;48;2;8;2;3m⠀\x1b[38;2;41;4;4;48;2;41;4;4m⠀\x1b[38;2;36;6;6;48;2;36;6;6m⠀\x1b[38;2;25;8;8;48;2;25;8;8m⠀\x1b[38;2;28;13;14;48;2;28;13;14m⠀\x1b[38;2;120;11;11;48;2;120;11;11m⠀\x1b[38;2;46;20;20;48;2;46;20;20m⠀\x1b[0m
\x1b[38;2;120;96;96;48;2;120;96;96m⠀\x1b[38;2;180;141;140;48;2;180;141;140m⠿\x1b[38;2;165;63;63;48;2;165;63;63m⢸\x1b[38;2;169;104;104;48;2;169;104;104m⠀\x1b[38;2;167;131;131;48;2;167;131;131m⡿\x1b[38;2;168;70;70;48;2;168;70;70m⠀\x1b[38;2;55;46;45;48;2;55;46;45m⠀\x1b[38;2;3;0;0;48;2;3;0;0m⠀\x1b[38;2;90;3;3;48;2;90;3;3m⠀\x1b[38;2;3;2;2;48;2;3;2;2m⠀\x1b[38;2;9;1;2;48;2;9;1;2m⠀\x1b[38;2;104;4;3;48;2;104;4;3m⠀\x1b[38;2;6;7;8;48;2;6;7;8m⠀\x1b[38;2;31;9;9;48;2;31;9;9m⠀\x1b[38;2;100;13;12;48;2;100;13;12m⠀\x1b[38;2;36;17;17;48;2;36;17;17m⠀\x1b[38;2;82;15;14;48;2;82;15;14m⠀\x1b[38;2;47;23;22;48;2;47;23;22m⠀\x1b[0m
\x1b[38;2;133;108;108;48;2;133;108;108m⠀\x1b[38;2;156;110;109;48;2;156;110;109m⠀\x1b[38;2;145;64;64;48;2;145;64;64m⠀\x1b[38;2;159;104;103;48;2;159;104;103m⠀\x1b[38;2;164;130;130;48;2;164;130;130m⡇\x1b[38;2;146;79;79;48;2;146;79;79m⠀\x1b[38;2;55;42;44;48;2;55;42;44m⠀\x1b[38;2;8;0;0;48;2;8;0;0m⠀\x1b[38;2;19;2;2;48;2;19;2;2m⠀\x1b[38;2;75;4;5;48;2;75;4;5m⠀\x1b[38;2;16;7;8;48;2;16;7;8m⠀\x1b[38;2;108;6;6;48;2;108;6;6m⠀\x1b[38;2;16;10;10;48;2;16;10;10m⠀\x1b[38;2;40;15;15;48;2;40;15;15m⠀\x1b[38;2;103;11;11;48;2;103;11;11m⠀\x1b[38;2;34;17;17;48;2;34;17;17m⠀\x1b[38;2;133;11;11;48;2;133;11;11m⠀\x1b[38;2;61;25;25;48;2;61;25;25m⠀\x1b[0m
\x1b[38;2;122;98;97;48;2;122;98;97m⠀\x1b[38;2;159;69;69;48;2;159;69;69m⠀\x1b[38;2;166;56;55;48;2;166;56;55m⠀\x1b[38;2;129;84;83;48;2;129;84;83m⠀\x1b[38;2;155;83;83;48;2;155;83;83m⠀\x1b[38;2;142;99;98;48;2;142;99;98m⠀\x1b[38;2;58;39;39;48;2;58;39;39m⠀\x1b[38;2;15;2;2;48;2;15;2;2m⠀\x1b[38;2;19;4;5;48;2;19;4;5m⠀\x1b[38;2;65;8;8;48;2;65;8;8m⠀\x1b[38;2;127;7;7;48;2;127;7;7m⠀\x1b[38;2;120;8;8;48;2;120;8;8m⠀\x1b[38;2;28;14;14;48;2;28;14;14m⠀\x1b[38;2;43;16;16;48;2;43;16;16m⠀\x1b[38;2;144;9;8;48;2;144;9;8m⠀\x1b[38;2;100;13;12;48;2;100;13;12m⠀\x1b[38;2;49;22;22;48;2;49;22;22m⠀\x1b[38;2;70;29;28;48;2;70;29;28m⠀\x1b[0m
\x1b[38;2;115;91;90;48;2;115;91;90m⠀\x1b[38;2;122;84;84;48;2;122;84;84m⠀\x1b[38;2;125;79;79;48;2;125;79;79m⠀\x1b[38;2;130;105;105;48;2;130;105;105m⠀\x1b[38;2;150;73;72;48;2;150;73;72m⠀\x1b[38;2;127;102;101;48;2;127;102;101m⠀\x1b[38;2;52;34;33;48;2;52;34;33m⠀\x1b[38;2;23;7;7;48;2;23;7;7m⠀\x1b[38;2;26;10;10;48;2;26;10;10m⠀\x1b[38;2;27;12;13;48;2;27;12;13m⠀\x1b[38;2;37;13;13;48;2;37;13;13m⠀\x1b[38;2;32;14;15;48;2;32;14;15m⠀\x1b[38;2;41;17;16;48;2;41;17;16m⠀\x1b[38;2;44;19;17;48;2;44;19;17m⠀\x1b[38;2;58;18;17;48;2;58;18;17m⠀\x1b[38;2;62;21;21;48;2;62;21;21m⠀\x1b[38;2;58;25;24;48;2;58;25;24m⠀\x1b[38;2;75;31;31;48;2;75;31;31m⠀\x1b[0m
\x1b[38;2;93;93;93;48;2;93;93;93m⠀\x1b[38;2;49;33;33;48;2;49;33;33m⠀\x1b[38;2;52;36;36;48;2;52;36;36m⠀\x1b[38;2;54;37;37;48;2;54;37;37m⠀\x1b[38;2;61;41;41;48;2;61;41;41m⠀\x1b[38;2;66;44;43;48;2;66;44;43m⠀\x1b[38;2;50;35;36;48;2;50;35;36m⠀\x1b[38;2;0;0;0;48;2;0;0;0m⠀\x1b[38;2;0;0;0;48;2;0;0;0m⠀\x1b[38;2;0;0;0;48;2;0;0;0m⠀\x1b[38;2;6;0;1;48;2;6;0;1m⠀\x1b[38;2;6;0;0;48;2;6;0;0m⠀\x1b[38;2;10;1;1;48;2;10;1;1m⠀\x1b[38;2;11;2;2;48;2;11;2;2m⠀\x1b[38;2;11;2;2;48;2;11;2;2m⠀\x1b[38;2;12;1;2;48;2;12;1;2m⠀\x1b[38;2;14;1;1;48;2;14;1;1m⠀\x1b[38;2;14;1;2;48;2;14;1;2m⠀\x1b[0m
\x1b[38;2;0;0;0;48;2;0;0;0m⠀\x1b[38;2;0;0;0;48;2;0;0;0m⠀\x1b[38;2;67;45;45;48;2;67;45;45m⠀\x1b[38;2;67;42;41;48;2;67;42;41m⠀\x1b[38;2;106;34;34;48;2;106;34;34m⠀\x1b[38;2;90;29;28;48;2;90;29;28m⠀\x1b[38;2;66;48;46;48;2;66;48;46m⠀\x1b[38;2;2;1;0;48;2;2;1;0m⠀\x1b[38;2;3;0;0;48;2;3;0;0m⠀\x1b[38;2;1;0;0;48;2;1;0;0m⠀\x1b[38;2;113;5;5;48;2;113;5;5m⠀\x1b[38;2;35;2;3;48;2;35;2;3m⠀\x1b[38;2;8;1;1;48;2;8;1;1m⠀\x1b[38;2;104;5;5;48;2;104;5;5m⠀\x1b[38;2;7;1;1;48;2;7;1;1m⠀\x1b[38;2;19;2;3;48;2;19;2;3m⠀\x1b[38;2;20;6;5;48;2;20;6;5m⠀\x1b[38;2;0;0;0;48;2;0;0;0m⠀\x1b[0m
\x1b[38;2;0;0;0;48;2;0;0;0m⠀\x1b[38;2;0;0;0;48;2;0;0;0m⠀\x1b[38;2;0;0;0;48;2;0;0;0m⠀\x1b[38;2;117;33;32;48;2;117;33;32m⠀\x1b[38;2;87;34;33;48;2;87;34;33m⠀\x1b[38;2;78;37;37;48;2;78;37;37m⠀\x1b[38;2;127;26;26;48;2;127;26;26m⠀\x1b[38;2;122;9;9;48;2;122;9;9m⠀\x1b[38;2;110;2;2;48;2;110;2;2m⠀\x1b[38;2;116;4;4;48;2;116;4;4m⠀\x1b[38;2;49;3;3;48;2;49;3;3m⠀\x1b[38;2;6;1;2;48;2;6;1;2m⠀\x1b[38;2;19;3;3;48;2;19;3;3m⠀\x1b[38;2;78;5;5;48;2;78;5;5m⠀\x1b[38;2;127;8;8;48;2;127;8;8m⠀\x1b[38;2;16;7;7;48;2;16;7;7m⠀\x1b[38;2;0;0;0;48;2;0;0;0m⠀\x1b[38;2;0;0;0;48;2;0;0;0m⠀\x1b[0m
\x1b[38;2;0;0;0;48;2;0;0;0m⠀\x1b[38;2;0;0;0;48;2;0;0;0m⠀\x1b[38;2;0;0;0;48;2;0;0;0m⠀\x1b[38;2;0;0;0;48;2;0;0;0m⠀\x1b[38;2;63;50;50;48;2;63;50;50m⠀\x1b[38;2;108;43;42;48;2;108;43;42m⠀\x1b[38;2;120;36;35;48;2;120;36;35m⠀\x1b[38;2;78;59;59;48;2;78;59;59m⠀\x1b[38;2;7;0;0;48;2;7;0;0m⠀\x1b[38;2;22;2;2;48;2;22;2;2m⠀\x1b[38;2;107;5;5;48;2;107;5;5m⠀\x1b[38;2;28;8;8;48;2;28;8;8m⠀\x1b[38;2;83;9;9;48;2;83;9;9m⠀\x1b[38;2;42;13;13;48;2;42;13;13m⠀\x1b[38;2;12;12;12;48;2;12;12;12m⠀\x1b[38;2;0;0;0;48;2;0;0;0m⠀\x1b[38;2;0;0;0;48;2;0;0;0m⠀\x1b[38;2;0;0;0;48;2;0;0;0m⠀\x1b[0m
\x1b[38;2;0;0;0;48;2;0;0;0m⠀\x1b[38;2;0;0;0;48;2;0;0;0m⠀\x1b[38;2;0;0;0;48;2;0;0;0m⠀\x1b[38;2;0;0;0;48;2;0;0;0m⠀\x1b[38;2;0;0;0;48;2;0;0;0m⠀\x1b[38;2;61;40;51;48;2;61;40;51m⠀\x1b[38;2;105;78;77;48;2;105;78;77m⠀\x1b[38;2;114;86;85;48;2;114;86;85m⠀\x1b[38;2;22;10;10;48;2;22;10;10m⠀\x1b[38;2;16;3;4;48;2;16;3;4m⠀\x1b[38;2;24;9;10;48;2;24;9;10m⠀\x1b[38;2;33;15;15;48;2;33;15;15m⠀\x1b[38;2;38;16;16;48;2;38;16;16m⠀\x1b[38;2;0;0;0;48;2;0;0;0m⠀\x1b[38;2;0;0;0;48;2;0;0;0m⠀\x1b[38;2;0;0;0;48;2;0;0;0m⠀\x1b[38;2;0;0;0;48;2;0;0;0m⠀\x1b[38;2;0;0;0;48;2;0;0;0m⠀\x1b[0m
\x1b[38;2;0;0;0;48;2;0;0;0m⠀\x1b[38;2;0;0;0;48;2;0;0;0m⠀\x1b[38;2;0;0;0;48;2;0;0;0m⠀\x1b[38;2;0;0;0;48;2;0;0;0m⠀\x1b[38;2;0;0;0;48;2;0;0;0m⠀\x1b[38;2;0;0;0;48;2;0;0;0m⠀\x1b[38;2;0;0;0;48;2;0;0;0m⠀\x1b[38;2;108;81;80;48;2;108;81;80m⠀\x1b[38;2;98;69;70;48;2;98;69;70m⠀\x1b[38;2;26;10;10;48;2;26;10;10m⠀\x1b[38;2;38;15;15;48;2;38;15;15m⠀\x1b[38;2;41;17;17;48;2;41;17;17m⠀\x1b[38;2;0;0;0;48;2;0;0;0m⠀\x1b[38;2;0;0;0;48;2;0;0;0m⠀\x1b[38;2;0;0;0;48;2;0;0;0m⠀\x1b[38;2;0;0;0;48;2;0;0;0m⠀\x1b[38;2;0;0;0;48;2;0;0;0m⠀\x1b[38;2;0;0;0;48;2;0;0;0m⠀\x1b[0m
