\x1b[38;2;0;0;0;48;2;0;0;0m⠀\x1b[38;2;0;0;0;48;2;0;0;0m⠀\x1b[38;2;0;0;0;48;2;0;0;0m⠀\x1b[38;2;0;0;0;48;2;0;0;0m⠀\x1b[38;2;0;0;0;48;2;0;0;0m⠀\x1b[38;2;0;0;0;48;2;0;0;0m⠀\x1b[38;2;109;109;95;48;2;109;109;95m⠀\x1b[38;2;116;118;102;48;2;116;118;102m⠀\x1b[38;2;75;75;61;48;2;75;75;61m⠀\x1b[38;2;102;102;87;48;2;102;102;87m⠀\x1b[38;2;0;0;0;48;2;0;0;0m⠀\x1b[38;2;0;0;0;48;2;0;0;0m⠀\x1b[38;2;0;0;0;48;2;0;0;0m⠀\x1b[38;2;0;0;0;48;2;0;0;0m⠀\x1b[0m
\x1b[38;2;0;0;0;48;2;0;0;0m⠀\x1b[38;2;0;0;0;48;2;0;0;0m⠀\x1b[38;2;0;0;0;48;2;0;0;0m⠀\x1b[38;2;0;0;0;48;2;0;0;0m⠀\x1b[38;2;0;0;0;48;2;0;0;0m⠀\x1b[38;2;60;61;51;48;2;60;61;51m⠀\x1b[38;2;67;66;61;48;2;67;66;61m⠀\x1b[38;2;80;80;66;48;2;80;80;66m⠀\x1b[38;2;15;15;7;48;2;15;15;7m⠀\x1b[38;2;78;80;66;48;2;78;80;66m⠀\x1b[38;2;19;19;11;48;2;19;19;11m⠀\x1b[38;2;0;0;0;48;2;0;0;0m⠀\x1b[38;2;0;0;0;48;2;0;0;0m⠀\x1b[38;2;0;0;0;48;2;0;0;0m⠀\x1b[0m
\x1b[38;2;0;0;0;48;2;0;0;0m⠀\x1b[38;2;0;0;0;48;2;0;0;0m⠀\x1b[38;2;0;0;0;48;2;0;0;0m⠀\x1b[38;2;0;0;0;48;2;0;0;0m⠀\x1b[38;2;123;23;22;48;2;123;23;22m⠀\x1b[38;2;65;61;57;48;2;65;61;57m⠀\x1b[38;2;78;52;47;48;2;78;52;47m⠀\x1b[38;2;95;73;69;48;2;95;73;69m⠀\x1b[38;2;11;10;4;48;2;11;10;4m⠀\x1b[38;2;53;36;29;48;2;53;36;29m⠀\x1b[38;2;20;20;12;48;2;20;20;12m⠀\x1b[38;2;0;0;0;48;2;0;0;0m⠀\x1b[38;2;0;0;0;48;2;0;0;0m⠀\x1b[38;2;0;0;0;48;2;0;0;0m⠀\x1b[0m
\x1b[38;2;0;0;0;48;2;0;0;0m⠀\x1b[38;2;0;0;0;48;2;0;0;0m⠀\x1b[38;2;0;0;0;48;2;0;0;0m⠀\x1b[38;2;0;0;0;48;2;0;0;0m⠀\x1b[38;2;26;23;16;48;2;26;23;16m⣀\x1b[38;2;24;23;17;48;2;24;23;17m⠀\x1b[38;2;67;23;20;48;2;67;23;20m⢐\x1b[38;2;139;0;0;48;2;139;0;0m⣂\x1b[38;2;42;44;36;48;2;42;44;36m⠀\x1b[38;2;84;60;52;48;2;84;60;52m⠀\x1b[38;2;8;8;1;48;2;8;8;1m⠀\x1b[38;2;64;62;53;48;2;64;62;53m⠀\x1b[38;2;0;0;0;48;2;0;0;0m⠀\x1b[38;2;0;0;0;48;2;0;0;0m⠀\x1b[0m
\x1b[38;2;0;0;0;48;2;0;0;0m⠀\x1b[38;2;0;0;0;48;2;0;0;0m⠀\x1b[38;2;0;0;0;48;2;0;0;0m⠀\x1b[38;2;93;91;79;48;2;93;91;79m⠐\x1b[38;2;101;96;90;48;2;101;96;90m⠀\x1b[38;2;54;23;23;48;2;54;23;23m⠀\x1b[38;2;134;71;68;48;2;134;71;68m⣘\x1b[38;2;143;75;72;48;2;143;75;72m⠂\x1b[38;2;118;104;95;48;2;118;104;95m⠀\x1b[38;2;79;74;67;48;2;79;74;67m⠀\x1b[38;2;47;47;38;48;2;47;47;38m⠀\x1b[38;2;109;109;94;48;2;109;109;94m⠀\x1b[38;2;23;23;15;48;2;23;23;15m⠀\x1b[38;2;42;42;36;48;2;42;42;36m⠀\x1b[0m
\x1b[38;2;0;0;0;48;2;0;0;0m⠀\x1b[38;2;0;0;0;48;2;0;0;0m⠀\x1b[38;2;35;35;21;48;2;35;35;21m⠀\x1b[38;2;78;72;65;48;2;78;72;65m⠔\x1b[38;2;82;64;63;48;2;82;64;63m⠀\x1b[38;2;100;25;21;48;2;100;25;21m⠀\x1b[38;2;163;84;82;48;2;163;84;82m⠢\x1b[38;2;178;151;143;48;2;178;151;143m⠁\x1b[38;2;62;33;31;48;2;62;33;31m⠀\x1b[38;2;79;76;69;48;2;79;76;69m⠀\x1b[38;2;15;15;8;48;2;15;15;8m⠀\x1b[38;2;58;58;48;48;2;58;58;48m⠀\x1b[38;2;14;14;5;48;2;14;14;5m⠀\x1b[38;2;29;29;19;48;2;29;29;19m⠀\x1b[0m
\x1b[38;2;0;0;0;48;2;0;0;0m⠀\x1b[38;2;0;0;0;48;2;0;0;0m⠀\x1b[38;2;114;114;102;48;2;114;114;102m⠀\x1b[38;2;103;94;87;48;2;103;94;87m⠂\x1b[38;2;57;9;9;48;2;57;9;9m⠀\x1b[38;2;130;7;7;48;2;130;7;7m⠀\x1b[38;2;195;152;147;48;2;195;152;147m⠓\x1b[38;2;77;53;50;48;2;77;53;50m⠀\x1b[38;2;105;73;69;48;2;105;73;69m⠀\x1b[38;2;7;8;3;48;2;7;8;3m⠀\x1b[38;2;21;21;11;48;2;21;21;11m⠀\x1b[38;2;93;93;77;48;2;93;93;77m⠀\x1b[38;2;28;28;20;48;2;28;28;20m⠀\x1b[38;2;39;39;19;48;2;39;39;19m⠀\x1b[0m
\x1b[38;2;0;0;0;48;2;0;0;0m⠀\x1b[38;2;0;0;0;48;2;0;0;0m⠀\x1b[38;2;105;105;88;48;2;105;105;88m⠀\x1b[38;2;44;36;33;48;2;44;36;33m⠀\x1b[38;2;56;3;2;48;2;56;3;2m⠀\x1b[38;2;135;14;14;48;2;135;14;14m⠀\x1b[38;2;173;20;20;48;2;173;20;20m⠀\x1b[38;2;80;39;36;48;2;80;39;36m⠀\x1b[38;2;14;14;6;48;2;14;14;6m⠀\x1b[38;2;17;17;8;48;2;17;17;8m⠀\x1b[38;2;20;20;13;48;2;20;20;13m⠀\x1b[38;2;92;92;76;48;2;92;92;76m⠀\x1b[38;2;28;28;21;48;2;28;28;21m⠀\x1b[38;2;17;17;8;48;2;17;17;8m⠀\x1b[0m
\x1b[38;2;0;0;0;48;2;0;0;0m⠀\x1b[38;2;0;0;0;48;2;0;0;0m⠀\x1b[38;2;63;63;53;48;2;63;63;53m⠀\x1b[38;2;31;22;18;48;2;31;22;18m⢀\x1b[38;2;53;5;4;48;2;53;5;4m⠀\x1b[38;2;165;22;19;48;2;165;22;19m⠀\x1b[38;2;167;22;22;48;2;167;22;22m⠀\x1b[38;2;89;36;32;48;2;89;36;32m⡀\x1b[38;2;29;29;20;48;2;29;29;20m⠀\x1b[38;2;0;0;0;48;2;0;0;0m⠀\x1b[38;2;31;31;31;48;2;31;31;31m⠀\x1b[38;2;36;36;27;48;2;36;36;27m⠀\x1b[38;2;26;26;19;48;2;26;26;19m⠀\x1b[38;2;19;19;11;48;2;19;19;11m⠀\x1b[0m
\x1b[38;2;0;0;0;48;2;0;0;0m⠀\x1b[38;2;111;111;98;48;2;111;111;98m⠀\x1b[38;2;74;74;61;48;2;74;74;61m⠀\x1b[38;2;106;98;94;48;2;106;98;94m⣞\x1b[38;2;138;132;125;48;2;138;132;125m⠑\x1b[38;2;139;15;15;48;2;139;15;15m⠀\x1b[38;2;146;49;47;48;2;146;49;47m⠘\x1b[38;2;165;162;150;48;2;165;162;150m⡅\x1b[38;2;43;43;35;48;2;43;43;35m⠀\x1b[38;2;29;29;20;48;2;29;29;20m⠀\x1b[38;2;0;0;0;48;2;0;0;0m⠀\x1b[38;2;76;76;62;48;2;76;76;62m⠀\x1b[38;2;68;68;56;48;2;68;68;56m⠀\x1b[38;2;60;60;50;48;2;60;60;50m⠀\x1b[0m
\x1b[38;2;0;0;0;48;2;0;0;0m⠀\x1b[38;2;112;112;97;48;2;112;112;97m⠀\x1b[38;2;82;85;71;48;2;82;85;71m⠀\x1b[38;2;157;92;89;48;2;157;92;89m⠘\x1b[38;2;110;38;34;48;2;110;38;34m⠀\x1b[38;2;171;40;39;48;2;171;40;39m⠀\x1b[38;2;141;31;30;48;2;141;31;30m⠈\x1b[38;2;89;90;81;48;2;89;90;81m⠀\x1b[38;2;52;52;43;48;2;52;52;43m⠀\x1b[38;2;14;14;5;48;2;14;14;5m⠀\x1b[38;2;0;0;0;48;2;0;0;0m⠀\x1b[38;2;79;79;79;48;2;79;79;79m⠀\x1b[38;2;98;98;83;48;2;98;98;83m⠀\x1b[38;2;62;62;51;48;2;62;62;51m⠀\x1b[0m
\x1b[38;2;87;87;79;48;2;87;87;79m⠀\x1b[38;2;64;64;54;48;2;64;64;54m⠀\x1b[38;2;88;88;75;48;2;88;88;75m⠀\x1b[38;2;24;24;15;48;2;24;24;15m⠀\x1b[38;2;85;72;66;48;2;85;72;66m⠀\x1b[38;2;52;7;5;48;2;52;7;5m⠀\x1b[38;2;105;105;87;48;2;105;105;87m⠀\x1b[38;2;87;87;71;48;2;87;87;71m⠀\x1b[38;2;33;33;25;48;2;33;33;25m⠀\x1b[38;2;23;23;15;48;2;23;23;15m⠀\x1b[38;2;0;0;0;48;2;0;0;0m⠀\x1b[38;2;0;0;0;48;2;0;0;0m⠀\x1b[38;2;97;98;81;48;2;97;98;81m⠀\x1b[38;2;52;52;43;48;2;52;52;43m⠀\x1b[0m
\x1b[38;2;113;113;99;48;2;113;113;99m⠀\x1b[38;2;43;43;32;48;2;43;43;32m⠀\x1b[38;2;78;78;67;48;2;78;78;67m⠀\x1b[38;2;27;27;19;48;2;27;27;19m⠀\x1b[38;2;3;3;0;48;2;3;3;0m⠀\x1b[38;2;98;98;81;48;2;98;98;81m⠀\x1b[38;2;108;108;91;48;2;108;108;91m⠀\x1b[38;2;51;51;42;48;2;51;51;42m⠀\x1b[38;2;49;49;39;48;2;49;49;39m⠀\x1b[38;2;25;25;16;48;2;25;25;16m⠀\x1b[38;2;0;0;0;48;2;0;0;0m⠀\x1b[38;2;0;0;0;48;2;0;0;0m⠀\x1b[38;2;94;94;75;48;2;94;94;75m⠀\x1b[38;2;53;53;43;48;2;53;53;43m⠀\x1b[0m
\x1b[38;2;126;128;114;48;2;126;128;114m⠄\x1b[38;2;31;31;23;48;2;31;31;23m⠀\x1b[38;2;91;91;75;48;2;91;91;75m⠀\x1b[38;2;42;42;33;48;2;42;42;33m⠀\x1b[38;2;35;35;26;48;2;35;35;26m⠀\x1b[38;2;100;100;84;48;2;100;100;84m⠀\x1b[38;2;80;80;67;48;2;80;80;67m⠀\x1b[38;2;37;37;30;48;2;37;37;30m⠀\x1b[38;2;43;43;33;48;2;43;43;33m⠀\x1b[38;2;0;0;0;48;2;0;0;0m⠀\x1b[38;2;0;0;0;48;2;0;0;0m⠀\x1b[38;2;0;0;0;48;2;0;0;0m⠀\x1b[38;2;116;116;99;48;2;116;116;99m⠀\x1b[38;2;49;49;40;48;2;49;49;40m⠀\x1b[0m
\x1b[38;2;119;119;104;48;2;119;119;104m⠀\x1b[38;2;55;55;45;48;2;55;55;45m⠀\x1b[38;2;53;53;44;48;2;53;53;44m⠀\x1b[38;2;56;56;45;48;2;56;56;45m⠀\x1b[38;2;38;38;27;48;2;38;38;27m⠀\x1b[38;2;86;86;70;48;2;86;86;70m⠀\x1b[38;2;52;52;44;48;2;52;52;44m⠀\x1b[38;2;40;39;32;48;2;40;39;32m⠀\x1b[38;2;15;15;11;48;2;15;15;11m⠀\x1b[38;2;0;0;0;48;2;0;0;0m⠀\x1b[38;2;0;0;0;48;2;0;0;0m⠀\x1b[38;2;107;107;92;48;2;107;107;92m⠀\x1b[38;2;96;96;80;48;2;96;96;80m⠀\x1b[38;2;24;24;17;48;2;24;24;17m⠀\x1b[0m
\x1b[38;2;100;100;85;48;2;100;100;85m⠀\x1b[38;2;72;72;57;48;2;72;72;57m⠀\x1b[38;2;0;0;0;48;2;0;0;0m⠀\x1b[38;2;61;61;50;48;2;61;61;50m⠀\x1b[38;2;52;52;43;48;2;52;52;43m⠀\x1b[38;2;78;78;64;48;2;78;78;64m⠀\x1b[38;2;36;36;28;48;2;36;36;28m⠀\x1b[38;2;22;22;13;48;2;22;22;13m⠀\x1b[38;2;0;0;0;48;2;0;0;0m⠀\x1b[38;2;0;0;0;48;2;0;0;0m⠀\x1b[38;2;0;0;0;48;2;0;0;0m⠂\x1b[38;2;60;60;49;48;2;60;60;49m⠀\x1b[38;2;57;57;46;48;2;57;57;46m⠀\x1b[38;2;20;20;12;48;2;20;20;12m⠀\x1b[0m
\x1b[38;2;86;86;75;48;2;86;86;75m⠀\x1b[38;2;22;22;13;48;2;22;22;13m⠀\x1b[38;2;21;21;13;48;2;21;21;13m⠈\x1b[38;2;74;74;60;48;2;74;74;60m⠀\x1b[38;2;105;105;87;48;2;105;105;87m⠀\x1b[38;2;76;76;62;48;2;76;76;62m⠀\x1b[38;2;29;29;20;48;2;29;29;20m⠀\x1b[38;2;23;23;23;48;2;23;23;23m⠀\x1b[38;2;0;0;0;48;2;0;0;0m⠀\x1b[38;2;0;0;0;48;2;0;0;0m⠀\x1b[38;2;49;49;44;48;2;49;49;44m⠀\x1b[38;2;85;85;75;48;2;85;85;75m⠀\x1b[38;2;46;46;36;48;2;46;46;36m⠀\x1b[38;2;0;0;0;48;2;0;0;0m⠀\x1b[0m
\x1b[38;2;93;93;76;48;2;93;93;76m⠀\x1b[38;2;32;32;25;48;2;32;32;25m⠀\x1b[38;2;44;44;35;48;2;44;44;35m⠀\x1b[38;2;31;31;25;48;2;31;31;25m⠀\x1b[38;2;26;26;17;48;2;26;26;17m⠀\x1b[38;2;35;35;26;48;2;35;35;26m⠀\x1b[38;2;18;18;10;48;2;18;18;10m⠀\x1b[38;2;36;36;36;48;2;36;36;36m⠀\x1b[38;2;0;0;0;48;2;0;0;0m⠀\x1b[38;2;0;0;0;48;2;0;0;0m⠀\x1b[38;2;0;0;0;48;2;0;0;0m⠀\x1b[38;2;58;58;50;48;2;58;58;50m⠀\x1b[38;2;24;24;16;48;2;24;24;16m⠀\x1b[38;2;0;0;0;48;2;0;0;0m⠀\x1b[0m
\x1b[38;2;0;0;0;48;2;0;0;0m⠀\x1b[38;2;36;36;48;48;2;36;36;48m⠀\x1b[38;2;18;18;18;48;2;18;18;18m⠀\x1b[38;2;0;0;0;48;2;0;0;0m⠀\x1b[38;2;46;46;37;48;2;46;46;37m⠀\x1b[38;2;50;50;40;48;2;50;50;40m⠀\x1b[38;2;51;51;42;48;2;51;51;42m⠀\x1b[38;2;21;21;12;48;2;21;21;12m⠀\x1b[38;2;0;0;0;48;2;0;0;0m⠀\x1b[38;2;0;0;0;48;2;0;0;0m⠀\x1b[38;2;69;69;69;48;2;69;69;69m⠀\x1b[38;2;20;20;10;48;2;20;20;10m⠀\x1b[38;2;0;0;0;48;2;0;0;0m⠀\x1b[38;2;0;0;0;48;2;0;0;0m⠀\x1b[0m
\x1b[38;2;0;0;0;48;2;0;0;0m⠀\x1b[38;2;0;0;0;48;2;0;0;0m⠀\x1b[38;2;0;0;0;48;2;0;0;0m⠀\x1b[38;2;0;0;0;48;2;0;0;0m⠀\x1b[38;2;0;0;0;48;2;0;0;0m⠀\x1b[38;2;89;90;74;48;2;89;90;74m⠀\x1b[38;2;60;60;49;48;2;60;60;49m⠀\x1b[38;2;30;30;22;48;2;30;30;22m⠀\x1b[38;2;23;23;17;48;2;23;23;17m⠀\x1b[38;2;23;23;0;48;2;23;23;0m⠀\x1b[38;2;0;0;0;48;2;0;0;0m⠀\x1b[38;2;0;0;0;48;2;0;0;0m⠀\x1b[38;2;0;0;0;48;2;0;0;0m⠀\x1b[38;2;0;0;0;48;2;0;0;0m⠀\x1b[0m
\x1b[38;2;0;0;0;48;2;0;0;0m⠀\x1b[38;2;0;0;0;48;2;0;0;0m⠀\x1b[38;2;0;0;0;48;2;0;0;0m⠀\x1b[38;2;0;0;0;48;2;0;0;0m⠀\x1b[38;2;0;0;0;48;2;0;0;0m⠀\x1b[38;2;82;85;71;48;2;82;85;71m⠀\x1b[38;2;56;56;45;48;2;56;56;45m⠀\x1b[38;2;16;16;11;48;2;16;16;11m⠀\x1b[38;2;5;5;0;48;2;5;5;0m⠀\x1b[38;2;16;16;5;48;2;16;16;5m⠀\x1b[38;2;0;0;0;48;2;0;0;0m⠀\x1b[38;2;0;0;0;48;2;0;0;0m⠀\x1b[38;2;0;0;0;48;2;0;0;0m⠀\x1b[38;2;0;0;0;48;2;0;0;0m⠀\x1b[0m
\x1b[38;2;0;0;0;48;2;0;0;0m⠀\x1b[38;2;0;0;0;48;2;0;0;0m⠀\x1b[38;2;0;0;0;48;2;0;0;0m⠀\x1b[38;2;0;0;0;48;2;0;0;0m⠀\x1b[38;2;0;0;0;48;2;0;0;0m⠀\x1b[38;2;53;63;42;48;2;53;63;42m⠀\x1b[38;2;68;68;55;48;2;68;68;55m⠀\x1b[38;2;30;30;23;48;2;30;30;23m⠀\x1b[38;2;20;20;13;48;2;20;20;13m⠀\x1b[38;2;10;10;3;48;2;10;10;3m⠀\x1b[38;2;11;11;5;48;2;11;11;5m⠀\x1b[38;2;0;0;0;48;2;0;0;0m⠀\x1b[38;2;0;0;0;48;2;0;0;0m⠀\x1b[38;2;0;0;0;48;2;0;0;0m⠀\x1b[0m
\x1b[38;2;0;0;0;48;2;0;0;0m⠀\x1b[38;2;0;0;0;48;2;0;0;0m⠀\x1b[38;2;0;0;0;48;2;0;0;0m⠀\x1b[38;2;0;0;0;48;2;0;0;0m⠀\x1b[38;2;0;0;0;48;2;0;0;0m⠀\x1b[38;2;0;0;0;48;2;0;0;0m⠀\x1b[38;2;82;82;67;48;2;82;82;67m⠀\x1b[38;2;33;33;25;48;2;33;33;25m⠀\x1b[38;2;14;14;7;48;2;14;14;7m⠀\x1b[38;2;27;27;19;48;2;27;27;19m⠀\x1b[38;2;20;20;9;48;2;20;20;9m⠀\x1b[38;2;0;0;0;48;2;0;0;0m⠀\x1b[38;2;0;0;0;48;2;0;0;0m⠀\x1b[38;2;0;0;0;48;2;0;0;0m⠀\x1b[0m
\x1b[38;2;0;0;0;48;2;0;0;0m⠀\x1b[38;2;0;0;0;48;2;0;0;0m⠀\x1b[38;2;0;0;0;48;2;0;0;0m⠀\x1b[38;2;0;0;0;48;2;0;0;0m⠀\x1b[38;2;0;0;0;48;2;0;0;0m⠀\x1b[38;2;106;106;98;48;2;106;106;98m⠀\x1b[38;2;91;91;76;48;2;91;91;76m⠀\x1b[38;2;29;29;21;48;2;29;29;21m⠀\x1b[38;2;34;34;17;48;2;34;34;17m⠀\x1b[38;2;42;41;33;48;2;42;41;33m⠀\x1b[38;2;24;24;15;48;2;24;24;15m⠀\x1b[38;2;0;0;0;48;2;0;0;0m⠀\x1b[38;2;0;0;0;48;2;0;0;0m⠀\x1b[38;2;0;0;0;48;2;0;0;0m⠀\x1b[0m
\x1b[38;2;0;0;0;48;2;0;0;0m⠀\x1b[38;2;0;0;0;48;2;0;0;0m⠀\x1b[38;2;0;0;0;48;2;0;0;0m⠀\x1b[38;2;0;0;0;48;2;0;0;0m⠀\x1b[38;2;0;0;0;48;2;0;0;0m⠀\x1b[38;2;79;79;69;48;2;79;79;69m⠀\x1b[38;2;98;98;82;48;2;98;98;82m⠀\x1b[38;2;47;46;37;48;2;47;46;37m⠀\x1b[38;2;0;0;0;48;2;0;0;0m⠀\x1b[38;2;16;16;8;48;2;16;16;8m⠀\x1b[38;2;19;19;10;48;2;19;19;10m⠀\x1b[38;2;0;0;0;48;2;0;0;0m⠀\x1b[38;2;0;0;0;48;2;0;0;0m⠀\x1b[38;2;0;0;0;48;2;0;0;0m⠀\x1b[0m
\x1b[38;2;0;0;0;48;2;0;0;0m⠀\x1b[38;2;0;0;0;48;2;0;0;0m⠀\x1b[38;2;0;0;0;48;2;0;0;0m⠀\x1b[38;2;0;0;0;48;2;0;0;0m⠀\x1b[38;2;0;0;0;48;2;0;0;0m⠀\x1b[38;2;70;70;56;48;2;70;70;56m⠀\x1b[38;2;65;65;52;48;2;65;65;52m⠀\x1b[38;2;42;42;33;48;2;42;42;33m⠀\x1b[38;2;29;29;22;48;2;29;29;22m⠀\x1b[38;2;24;24;16;48;2;24;24;16m⠀\x1b[38;2;23;23;14;48;2;23;23;14m⠀\x1b[38;2;0;0;0;48;2;0;0;0m⠀\x1b[38;2;0;0;0;48;2;0;0;0m⠀\x1b[38;2;0;0;0;48;2;0;0;0m⠀\x1b[0m
\x1b[38;2;0;0;0;48;2;0;0;0m⠀\x1b[38;2;0;0;0;48;2;0;0;0m⠀\x1b[38;2;0;0;0;48;2;0;0;0m⠀\x1b[38;2;0;0;0;48;2;0;0;0m⠀\x1b[38;2;122;122;112;48;2;122;122;112m⠀\x1b[38;2;73;73;60;48;2;73;73;60m⠀\x1b[38;2;51;51;38;48;2;51;51;38m⠀\x1b[38;2;31;31;22;48;2;31;31;22m⠀\x1b[38;2;20;20;15;48;2;20;20;15m⠀\x1b[38;2;24;24;16;48;2;24;24;16m⠀\x1b[38;2;10;10;3;48;2;10;10;3m⠀\x1b[38;2;0;0;0;48;2;0;0;0m⠀\x1b[38;2;0;0;0;48;2;0;0;0m⠀\x1b[38;2;0;0;0;48;2;0;0;0m⠀\x1b[0m
